period,N_t,A_t
1,0.123,0
2,0.097,0.123
3,0.171,0.22
4,0.145,0.391
5,0.238,0.536
6,0.214,0.774
7,0.333,0.988
8,0.314,1.321
9,0.466,1.635
10,0.455,2.101
11,0.65,2.556
12,0.653,3.206
13,0.902,3.859
14,0.926,4.761
